200
927 40 4338 54 5 110 2
718 14 1874 82 5 108 4
624 18 1328 88 3 57 4
752 181 2302 68 9 109 6
591 86 1769 94 6 59 9
766 126 3746 92 4 117 3
578 108 837 91 5 64 7
987 154 3389 123 3 65 5
881 100 2025 95 6 94 6
882 20 1570 92 7 114 6
673 84 1189 80 5 50 8
750 138 1178 98 2 87 3
967 87 4191 51 12 112 5
864 214 2536 69 5 85 4
1000 77 4570 95 6 99 6
568 117 1894 54 5 64 4
739 84 1239 73 10 83 8
679 43 3284 96 4 95 4
601 84 1320 76 8 120 5
709 173 2381 55 9 79 6
723 166 2765 103 4 68 6
841 189 3393 58 11 111 5
652 108 2542 114 3 86 4
712 143 1319 105 4 80 5
860 185 2262 124 4 73 7
571 53 1493 108 4 79 6
675 31 2036 94 6 93 6
765 102 3356 97 6 91 6
798 127 3304 100 5 88 5
876 193 3505 105 5 99 5
932 127 3540 122 5 72 8
762 172 1209 70 5 92 4
996 95 2122 67 9 57 11
525 122 1738 90 3 100 2
624 138 2121 60 6 67 5
694 82 3416 62 9 84 6
584 89 2717 87 3 112 2
752 147 2952 93 5 50 11
882 144 3140 122 3 56 8
904 219 3198 102 7 52 13
821 93 1332 96 6 116 5
647 73 792 120 5 74 8
674 23 911 86 5 107 4
924 69 2616 96 5 124 4
539 32 942 90 8 55 13
670 83 1411 109 5 125 4
514 112 847 59 7 117 3
980 36 2948 96 5 94 5
805 68 2609 103 5 79 7
613 138 1488 67 8 67 8
537 132 2121 125 3 60 8
566 22 1447 104 5 105 5
839 127 2511 96 6 71 9
747 119 2171 70 6 68 7
839 62 3312 64 11 122 5
748 84 2378 90 5 89 5
890 157 2099 69 10 68 10
731 161 1984 62 4 77 3
578 75 2668 54 12 60 10
926 108 3524 83 7 116 5
535 115 721 94 3 92 3
918 20 2225 105 4 110 3
864 165 1480 87 6 56 10
943 176 3082 106 4 102 4
880 73 4266 71 8 83 7
684 147 3081 61 8 56 9
785 27 1642 119 4 57 10
675 106 1427 64 4 123 2
797 157 2664 117 5 59 10
823 88 3968 60 4 88 3
877 51 1513 83 7 70 9
606 117 1468 95 7 91 7
571 11 1134 82 5 67 6
796 126 2594 105 6 72 9
637 14 832 85 2 59 4
994 233 3968 56 7 108 3
797 176 2440 117 5 62 9
904 87 1682 114 4 54 10
774 182 2705 97 3 68 4
812 133 3523 76 6 75 6
500 39 1637 123 3 59 7
833 46 1846 96 7 89 8
859 175 2851 76 8 104 6
872 48 4136 68 4 75 3
972 239 2369 83 6 96 5
980 202 4318 119 2 108 2
784 191 1415 125 3 60 6
742 55 2895 96 5 98 5
745 176 2727 107 5 83 7
896 133 3847 51 5 76 3
941 55 3092 52 12 124 5
500 17 1760 84 6 124 4
868 72 1810 94 6 75 8
913 31 3713 101 2 72 3
590 142 2896 113 5 93 6
905 87 2322 123 5 53 12
799 110 2092 66 8 114 5
869 127 1462 106 2 109 2
508 100 2202 73 6 71 6
726 143 2896 65 4 110 2
924 119 1721 86 4 107 3
613 15 1721 56 5 76 4
735 101 3589 116 2 99 2
745 172 1476 98 3 78 4
690 95 1434 123 2 86 3
784 107 1163 90 5 104 4
668 101 1622 100 5 98 5
976 218 1937 90 6 104 5
926 37 2172 92 5 88 5
816 47 4063 105 5 67 8
907 161 1656 85 6 113 5
502 119 1524 68 4 86 3
521 89 1588 112 3 69 4
596 11 2309 117 2 121 2
769 16 2142 90 6 123 4
705 91 802 103 5 70 7
605 99 1149 97 4 53 7
749 90 3348 83 8 106 6
884 185 2841 61 7 102 4
819 67 3909 51 13 65 10
731 73 3547 70 4 72 4
743 178 2650 84 3 110 2
644 155 1088 116 5 100 5
605 146 1271 67 8 102 5
643 120 1081 62 8 85 6
904 193 2492 95 5 79 6
858 182 4251 70 4 100 2
764 39 1740 63 9 95 6
592 76 2665 99 3 122 3
687 114 3020 122 2 56 4
583 75 1241 77 7 118 5
613 82 1352 83 7 66 9
562 45 2377 119 2 63 5
900 217 3086 99 5 101 5
914 205 2799 95 4 102 4
592 86 1503 112 4 112 4
517 101 1668 68 8 60 9
979 101 4328 103 4 75 5
787 28 2320 81 6 55 9
568 88 2658 100 2 54 5
527 37 1849 69 9 57 11
642 158 1635 116 4 90 5
869 171 1104 61 9 56 10
629 129 2524 94 3 103 3
735 25 2643 86 4 115 3
687 155 2187 119 4 51 10
977 130 1038 105 6 119 5
586 104 2273 98 6 91 6
546 117 1728 108 6 78 8
515 49 2436 57 6 61 5
543 51 1373 70 9 68 9
582 37 2889 78 7 70 8
647 58 1540 77 6 111 4
954 186 3007 122 5 55 12
999 65 2309 68 5 54 7
916 193 1595 68 7 98 5
959 116 2387 120 4 105 5
961 161 3421 56 4 98 2
673 135 3271 76 7 116 5
802 49 1875 109 5 67 8
795 16 2813 76 6 96 5
661 65 1448 58 11 72 9
833 158 4071 55 9 69 7
637 123 1744 119 4 108 5
518 29 2425 124 3 94 4
586 84 1756 98 4 90 4
651 162 2466 81 6 106 5
754 149 1498 108 4 105 4
605 99 2480 117 4 58 8
595 36 2755 113 6 121 5
959 97 1865 75 8 66 9
600 72 687 85 5 103 4
871 148 3467 53 7 101 3
964 214 2878 71 4 87 3
919 225 3121 122 5 103 6
550 99 1611 82 4 125 2
508 74 1310 55 10 62 9
913 73 2659 56 12 105 6
913 136 3989 54 11 88 6
995 148 2906 86 8 96 7
868 179 3276 79 4 89 3
924 39 1266 93 4 70 5
819 187 2215 65 6 97 4
689 44 1296 75 6 53 9
928 78 1148 98 5 88 6
956 224 1298 82 4 116 2
918 148 1936 104 2 108 2
797 89 2498 103 2 100 2
724 108 1678 103 2 87 3
734 182 3262 74 3 113 2
712 123 1108 114 5 109 5
937 104 4666 85 5 80 6
632 98 2557 93 5 78 6
686 97 2626 107 4 100 5
568 45 2527 98 6 93 7
875 175 3576 64 10 77 8
722 166 895 52 13 101 6
898 203 2860 65 10 63 11
795 191 2745 51 12 84 7
827 57 3792 51 11 121 4
69 10 56 12