200
786 46 2361 122 5 117 5
852 151 3141 92 6 71 8
839 151 2095 58 4 59 4
638 73 1418 104 5 50 11
962 175 3132 69 4 103 2
563 110 2284 106 5 91 6
916 157 3597 67 8 92 6
858 207 2953 58 7 72 6
583 113 1758 62 7 100 4
557 37 2568 81 8 60 12
899 99 2322 68 10 117 6
604 22 2711 101 3 88 3
543 45 1807 66 6 53 8
918 105 2557 103 5 97 6
919 76 3488 89 6 121 5
952 173 2775 89 7 77 8
707 82 747 79 9 57 12
677 77 2645 85 4 95 3
503 73 1623 120 4 65 7
572 102 2378 62 5 87 4
920 67 2002 103 3 73 4
787 84 1233 117 2 93 3
606 83 1252 76 7 116 4
835 131 2762 82 3 71 3
962 166 2287 95 3 68 4
509 34 2094 84 6 122 4
542 117 2362 106 6 81 8
554 29 2349 60 9 98 5
816 108 2304 115 2 109 2
827 97 1640 109 4 68 6
522 44 1112 113 3 50 8
712 109 2998 100 6 123 5
887 33 3240 83 6 102 5
792 121 2678 95 5 123 4
754 143 1629 55 6 124 2
515 124 922 89 4 100 3
733 49 3279 86 7 75 8
944 131 1899 89 6 90 6
945 139 3743 79 7 82 7
733 76 2754 92 4 123 3
870 160 3793 80 3 97 3
847 156 1577 65 7 60 8
807 125 1287 61 10 64 9
689 18 3276 76 6 52 9
988 32 4268 87 8 50 14
816 106 3843 125 3 69 7
647 61 959 124 2 62 5
910 226 1058 116 4 52 9
820 111 2161 122 5 55 11
947 38 4205 54 11 65 9
897 157 2357 123 5 110 5
949 43 2450 97 5 116 5
500 70 1421 72 4 88 3
851 157 2850 76 5 77 5
870 87 1832 98 3 64 5
720 155 1325 70 4 82 3
793 68 1601 121 3 102 4
611 129 3042 71 5 117 3
825 140 2049 52 13 86 7
567 127 1421 82 5 69 6
554 101 1486 91 6 119 4
563 85 911 113 6 116 6
537 93 2446 105 2 79 3
919 201 3189 119 4 61 9
897 190 3538 59 11 120 5
868 159 1013 97 3 97 3
912 219 3447 111 4 64 8
767 151 2830 97 2 60 4
727 57 3515 51 14 74 9
682 56 3067 68 6 57 7
682 90 2639 124 5 115 5
822 39 1573 104 4 113 4
855 38 1291 108 5 112 5
953 200 2597 116 4 105 4
626 15 1816 110 5 100 5
540 32 1806 59 5 120 2
991 66 3441 74 5 91 4
659 96 2151 108 2 60 4
968 89 4283 74 7 76 7
766 76 3539 85 8 115 6
752 104 2809 120 2 63 4
813 54 3436 98 2 104 2
768 73 2808 66 7 90 5
883 18 1818 117 5 53 11
546 96 2582 54 9 98 5
623 22 2142 76 5 99 4
743 148 2585 111 6 67 10
642 16 1445 113 3 117 3
861 17 1308 116 5 79 8
790 181 1879 76 7 108 5
811 19 3504 102 3 77 4
964 57 2183 114 2 123 2
692 148 1497 69 8 75 7
569 130 721 68 6 104 4
785 125 3854 101 4 66 7
995 35 2904 107 4 67 7
871 216 2635 52 12 98 6
509 78 1515 88 7 79 8
795 101 1041 96 4 124 3
807 98 2053 61 4 108 2
593 124 1639 59 7 122 3
521 59 1366 123 2 101 3
730 73 2334 95 2 64 4
889 218 3273 51 12 84 7
625 91 2335 108 5 102 5
810 185 966 97 5 66 8
818 152 3737 73 3 122 2
927 75 3880 61 7 64 7
855 49 1692 120 2 104 3
743 37 2991 94 7 88 8
536 43 1039 96 6 107 6
857 107 3255 74 6 73 6
997 144 2491 92 6 73 8
800 131 2124 77 4 87 3
658 138 2664 125 5 89 7
682 147 1504 71 7 101 4
871 41 4154 98 5 102 4
660 51 2185 125 5 114 6
836 207 2135 53 12 95 7
793 186 866 83 4 91 4
625 48 2993 55 7 115 3
718 44 2264 52 8 64 6
540 125 830 108 3 88 4
736 34 1634 80 5 86 5
544 29 865 70 6 102 4
867 109 1290 86 6 120 4
502 59 1409 82 6 100 5
558 129 1174 104 2 79 3
585 57 1460 55 9 102 4
534 38 931 100 7 71 10
846 46 2240 114 2 71 4
702 94 2774 93 8 79 9
589 128 1334 116 3 112 3
796 138 2008 112 4 114 4
554 82 2584 82 8 87 8
959 185 4261 53 6 123 2
512 88 1426 102 4 72 6
601 79 2190 103 6 78 8
748 49 3692 63 9 74 8
539 30 2069 56 4 77 3
627 56 2330 87 7 70 9
544 115 1296 97 2 107 2
744 131 3201 87 7 60 11
759 182 2260 110 3 95 4
617 112 1607 66 8 87 6
678 134 2429 91 6 110 5
574 107 1338 63 5 118 2
636 145 2288 111 4 60 9
977 114 1621 79 6 106 4
948 125 2263 103 4 75 6
574 108 1355 103 4 69 7
825 145 3467 114 6 82 9
819 145 1024 113 2 84 3
572 104 2461 89 8 105 7
988 175 3066 67 4 110 2
533 127 1517 70 6 122 3
680 94 1293 84 5 58 7
503 92 1666 97 2 84 3
539 42 2127 68 9 106 6
527 66 1777 75 8 104 6
670 64 3146 54 11 107 6
651 77 3002 85 4 56 6
889 151 2039 120 2 124 2
656 28 1803 52 12 70 9
872 76 1557 96 3 114 2
892 131 958 125 3 88 4
743 153 1790 98 7 79 9
880 195 953 113 6 124 5
871 80 2886 58 8 64 7
704 82 3132 58 5 90 3
833 134 3847 61 9 74 7
838 184 3796 113 4 97 5
987 222 4470 89 4 59 7
813 152 1128 59 6 86 4
957 52 4334 55 12 84 8
973 215 2159 71 7 105 4
824 89 2699 119 5 61 10
664 63 2223 119 4 95 5
776 127 2542 86 5 87 5
788 139 2712 114 5 80 8
673 50 2943 108 2 122 2
599 90 1844 119 5 102 6
810 65 3770 90 6 104 6
879 146 3052 76 4 66 4
618 77 1458 103 6 65 9
590 120 2445 80 5 109 4
551 56 2295 69 7 56 9
770 141 1366 63 11 50 14
765 138 2888 124 4 101 5
784 191 2577 72 9 123 5
600 95 2783 114 5 94 6
965 62 1331 75 5 62 6
735 84 3490 109 5 90 6
583 30 2811 109 4 65 7
957 67 1386 59 9 58 10
735 179 3432 65 11 60 12
873 182 4117 102 4 91 4
905 112 2127 85 4 84 4
966 107 3519 84 8 86 7
605 118 2599 96 4 60 6
110 2 111 2
