200
779 189 1864 104 6 57 12
714 86 973 121 5 124 4
661 42 2071 83 3 116 2
758 74 2038 63 11 86 8
747 176 2594 101 6 64 10
738 52 1184 106 6 116 5
815 29 3889 77 9 92 7
758 35 2602 63 5 50 7
787 196 1751 89 6 88 6
568 53 1494 111 5 89 6
678 90 2695 116 2 111 2
869 41 3149 118 5 56 11
869 210 1464 76 6 107 4
648 39 2175 68 5 56 6
795 174 1424 113 4 91 6
623 75 2230 65 4 79 3
535 53 2130 117 2 118 2
563 60 2690 94 6 66 9
696 35 2259 105 6 52 12
859 101 4111 120 2 100 2
976 150 1859 53 14 87 8
942 19 3871 57 11 95 7
801 61 3643 57 10 61 10
639 93 1236 89 7 99 6
806 107 3961 65 4 123 2
626 32 2934 101 5 83 7
595 50 1242 99 5 59 9
736 182 2289 102 2 90 3
619 113 3070 56 4 91 2
729 63 1451 55 6 68 5
714 83 1636 125 3 106 4
564 11 2807 78 4 78 4
855 151 2656 88 5 53 8
957 159 4064 90 5 65 8
743 50 1670 89 7 76 8
842 165 2509 54 6 103 3
852 165 3023 53 11 112 5
797 144 3392 73 4 68 4
594 59 2685 75 7 87 6
879 178 1822 76 7 79 7
575 45 2659 68 10 121 6
961 159 2659 97 3 101 3
687 50 2182 94 5 85 6
892 195 949 106 5 79 7
780 130 3027 73 4 79 4
947 124 1065 86 7 60 10
833 196 3875 85 3 114 2
506 91 2294 58 8 64 7
811 39 3691 69 9 118 5
567 132 1402 92 4 72 5
686 20 1016 119 2 103 2
536 99 660 61 7 114 3
818 31 1232 123 5 123 5
857 197 3146 66 7 60 8
853 96 2527 95 4 116 3
979 157 2379 97 6 55 11
938 142 1883 66 4 101 3
831 198 1576 80 6 97 5
609 116 1758 95 2 82 3
898 202 1552 100 3 56 6
801 170 915 123 4 81 7
914 142 2685 112 4 94 5
566 110 2544 101 2 59 4
647 45 1401 101 6 121 5
684 19 1569 73 5 60 7
967 125 4143 53 13 52 14
624 34 1345 92 4 113 3
905 83 4476 84 4 92 4
628 20 2693 67 8 78 7
954 144 1422 56 10 125 4
728 38 2378 72 4 104 3
574 72 2790 72 9 76 8
671 103 2456 112 3 78 5
641 48 2801 97 4 116 3
882 152 4173 72 9 95 7
914 81 1918 83 8 104 6
851 37 1811 89 5 109 4
710 90 1952 75 7 55 10
774 75 2673 70 9 88 7
873 158 2542 107 3 63 5
946 184 1426 70 8 95 6
921 122 1989 99 6 118 5
844 88 3062 85 6 115 4
792 103 2739 96 6 104 5
892 209 2025 98 6 113 6
696 64 2364 88 8 63 11
860 17 1062 73 8 83 7
651 51 1618 56 13 125 5
837 131 3528 60 6 82 4
588 20 1525 98 6 111 5
526 94 873 57 9 121 4
733 174 1025 88 8 71 10
800 28 1369 52 14 75 9
926 206 2718 97 4 60 7
528 91 1718 57 8 53 9
504 106 2298 124 2 54 5
726 78 3300 81 5 103 4
904 67 2217 73 6 85 5
779 167 1739 113 3 89 3
759 48 1506 105 3 74 5
973 236 3730 72 4 117 2
659 84 1664 53 13 78 9
700 95 1054 68 5 67 5
919 158 1597 56 10 120 4
907 165 2100 99 7 102 7
879 83 1156 62 4 91 3
717 142 924 96 7 92 7
529 132 1973 55 8 103 4
901 95 2500 123 5 125 5
955 145 4490 96 2 75 3
876 200 3767 78 3 64 4
509 40 2403 68 8 60 9
749 66 3713 91 3 56 5
548 116 614 110 6 118 5
662 110 2046 114 3 55 7
748 120 2756 77 8 101 6
859 95 2471 53 10 105 5
926 164 1507 74 10 75 9
976 202 1369 114 3 91 4
581 113 1798 72 6 90 4
774 146 3036 79 9 114 6
943 143 4222 105 4 104 4
968 150 4152 79 8 120 5
923 123 2584 107 3 63 5
962 191 3334 80 6 113 4
836 41 1258 87 6 121 4
955 140 3589 104 6 57 10
961 118 1451 55 5 70 4
632 48 2953 74 3 92 2
679 22 2062 103 3 106 3
769 170 1109 99 4 89 4
561 125 933 99 3 98 3
964 32 1511 94 2 79 3
710 67 3237 57 9 118 4
977 59 2209 116 2 62 4
815 39 1903 77 4 78 4
633 34 2935 68 3 76 3
718 54 3501 103 3 58 5
760 149 3534 109 3 101 3
603 28 2323 53 13 55 13
546 50 753 72 7 103 5
907 139 3497 110 2 68 3
526 116 2499 65 4 68 4
754 165 1800 74 7 60 9
974 32 1041 57 8 64 7
545 26 2009 63 7 61 7
903 182 3025 64 10 57 12
560 77 1007 64 9 83 7
701 107 1382 91 4 61 6
956 234 3790 111 5 94 6
980 44 1481 107 4 79 6
663 143 1164 76 9 105 6
634 41 789 75 5 66 6
857 39 2158 105 3 72 5
639 106 2972 93 6 114 5
614 135 1699 118 3 99 3
962 228 3502 100 5 74 7
819 172 3377 94 4 106 3
502 17 2464 103 5 75 7
798 117 2249 109 3 95 4
627 94 2917 95 3 122 2
661 74 2277 96 3 68 4
626 64 1700 58 10 79 7
660 155 2346 116 5 103 5
811 128 1322 86 6 110 5
983 131 1391 121 5 69 9
589 51 624 107 4 106 4
776 51 1701 87 7 89 7
625 62 1593 74 8 56 10
702 134 1877 94 3 123 2
783 37 3478 94 7 102 7
956 152 998 86 7 122 5
965 19 2663 89 6 109 5
507 83 2220 77 6 76 6
669 133 1761 102 2 124 2
741 59 2074 100 3 82 4
714 42 3408 72 9 83 8
682 147 1581 77 5 79 5
564 22 678 97 6 87 6
840 155 2623 97 3 109 2
574 80 1692 103 6 71 9
937 38 1152 118 5 91 7
778 152 1267 76 3 111 2
978 65 2912 74 5 71 6
542 45 1028 70 8 72 7
807 31 3768 118 6 114 6
886 171 2884 66 5 72 5
551 42 895 103 4 77 5
833 193 1122 74 9 117 5
516 113 1990 116 4 75 6
587 42 1999 77 9 75 9
700 64 2056 103 4 50 8
627 154 1721 72 4 114 2
932 173 3691 75 6 71 6
589 145 2542 123 4 84 6
656 39 1271 108 2 101 3
668 76 2095 69 10 76 9
868 48 1618 100 3 110 2
535 132 646 120 3 61 6
856 91 2380 101 3 91 4
69 5 96 3
