200
807 67 2600 85 3 92 3
606 45 1254 53 12 60 10
951 114 3096 71 6 58 7
773 145 1272 55 11 106 6
622 120 806 125 5 100 6
733 131 1813 60 7 124 3
911 143 2006 87 5 79 5
759 61 3616 113 4 61 7
878 210 3751 99 6 96 6
779 157 2166 115 2 121 2
777 175 1021 89 5 114 4
521 51 1962 65 6 80 5
658 90 3195 87 5 65 7
998 67 2623 87 3 97 3
542 10 1365 63 6 119 3
691 58 1550 97 4 56 7
982 162 1628 89 5 93 5
618 153 1979 66 7 75 6
791 101 1691 70 9 88 7
847 83 2964 59 6 72 5
609 40 2910 106 6 114 6
819 84 1184 65 11 124 6
794 115 1278 59 12 53 13
643 73 2547 104 5 50 11
646 39 1442 59 5 109 2
945 30 1239 76 8 69 9
595 34 1266 83 3 122 2
750 146 1903 115 4 91 5
793 21 1285 72 7 89 6
872 37 2814 70 9 68 9
663 142 1335 70 10 81 8
515 103 1873 61 11 56 12
811 191 3505 122 5 88 7
924 205 2997 84 6 60 9
922 106 3274 67 5 72 5
732 113 1919 87 5 72 6
848 40 2906 83 5 107 3
789 152 3152 93 3 83 4
505 44 982 60 11 122 5
650 155 3031 111 5 72 8
970 200 4377 82 3 112 2
952 178 4140 98 6 119 5
674 17 1734 97 5 79 7
828 113 2559 117 4 73 6
940 70 1761 93 4 60 6
833 99 2499 110 6 70 10
902 30 1013 53 11 94 6
693 14 1396 125 4 76 7
940 97 4048 95 4 117 3
915 97 3423 67 6 101 4
666 128 1648 112 2 99 3
749 33 1333 70 10 107 6
765 161 3008 71 5 62 6
989 175 3558 86 7 97 6
596 65 743 79 7 50 11
803 98 2161 51 5 57 4
615 27 662 108 5 56 11
686 78 3026 111 3 79 5
886 22 3463 69 8 88 6
944 48 1960 113 4 80 6
914 86 3839 83 7 68 8
771 47 2574 79 9 54 13
670 46 2881 91 6 111 5
512 29 801 88 8 109 6
621 97 1714 111 4 73 6
972 153 2671 59 7 67 6
650 133 1467 123 2 116 2
904 167 4065 70 10 96 7
973 154 2007 72 9 59 11
892 191 1835 118 3 92 4
992 201 3069 65 9 98 6
860 131 2485 101 6 60 11
786 156 3249 120 2 50 5
970 60 2823 83 7 69 8
840 177 4013 64 9 74 8
950 139 3450 65 10 82 8
931 130 3177 121 3 105 4
907 86 1023 50 13 121 5
992 61 4687 96 6 123 5
851 30 2170 77 5 56 8
895 88 1539 96 4 69 6
859 30 1662 92 7 107 6
907 214 3685 60 5 89 3
970 90 2657 52 8 87 5
582 83 817 120 3 84 4
860 86 1341 120 2 54 5
877 162 1228 51 10 96 5
909 152 914 121 4 89 6
980 152 3961 92 5 85 6
728 31 1776 71 5 108 3
575 27 1098 61 6 54 7
977 157 4797 52 7 53 7
990 146 1502 116 5 120 5
819 111 2307 87 6 98 5
608 123 2342 115 4 71 6
843 69 2689 94 3 63 5
918 165 3444 111 5 108 5
756 97 2652 119 2 53 4
697 74 1079 121 3 77 5
584 116 1876 69 10 70 9
752 30 1288 54 10 68 8
793 15 3668 116 5 101 6
893 82 2222 110 2 103 3
837 161 1417 53 13 86 8
550 71 2367 103 3 114 3
735 120 1391 89 5 110 4
929 93 2376 54 7 111 3
947 229 3387 123 4 112 5
934 48 1347 56 6 89 3
684 104 2076 75 6 67 7
843 123 1909 83 6 124 4
595 81 2506 121 2 105 2
561 33 626 65 4 107 2
994 110 3933 103 5 98 6
566 121 1408 98 6 123 5
828 96 2860 115 5 70 9
891 169 1089 50 10 117 4
530 119 2047 78 5 68 6
993 179 2584 71 6 112 4
733 164 3469 70 3 83 3
517 29 1530 61 9 67 8
526 17 679 87 6 78 7
900 155 3246 105 4 117 4
680 34 1183 94 3 61 4
573 17 2520 94 7 65 10
594 11 2778 108 6 102 7
737 120 3517 79 8 118 5
591 110 2275 110 4 105 4
715 112 3292 86 8 123 5
985 227 2458 51 8 97 4
721 149 1365 124 3 108 3
712 121 1268 57 5 55 5
695 152 812 96 7 55 12
600 94 2067 107 3 74 4
871 74 1968 53 7 95 4
713 54 3314 119 4 113 4
985 214 3799 113 5 83 7
543 71 2641 82 4 65 5
661 80 3167 111 5 99 6
961 110 4414 66 5 121 3
593 33 776 81 5 123 3
606 27 1574 112 5 122 4
608 142 1075 110 4 54 8
609 31 1805 120 3 112 3
514 114 1956 114 3 115 3
849 194 2694 124 4 72 7
584 143 2856 90 6 59 9
654 143 3134 81 3 51 5
920 119 2640 62 11 91 7
792 60 1067 59 9 58 9
866 64 2091 54 7 111 3
663 60 2291 95 3 97 3
729 43 2564 101 5 98 5
1000 230 3486 85 3 54 5
657 36 2694 114 6 51 14
936 196 4084 65 10 107 6
769 120 2392 75 5 113 3
851 176 2996 91 2 125 2
629 102 2170 120 2 52 6
845 69 1945 77 4 86 4
625 100 3047 85 5 105 4
826 104 3926 58 7 68 6
610 31 624 67 9 58 10
777 57 3630 114 5 63 10
640 156 2355 65 6 67 6
511 65 2009 91 7 119 5
641 120 2359 69 8 89 6
799 189 894 71 6 71 6
568 112 1477 73 7 123 4
990 190 2601 97 4 94 4
557 64 1316 90 4 57 7
773 147 1538 75 9 75 9
907 225 1582 119 4 110 5
743 174 2802 101 3 80 4
862 45 1245 82 6 76 7
909 145 4320 71 5 50 8
692 19 1133 74 6 86 5
642 31 1105 97 2 63 4
983 140 3771 76 6 107 4
647 84 1519 101 5 105 5
926 208 4382 87 3 113 2
736 175 1147 73 7 125 4
565 12 916 89 4 80 4
766 74 1163 94 7 99 7
848 47 2328 110 4 91 5
626 86 2083 119 4 115 4
546 30 2339 74 9 57 12
780 139 3489 84 4 71 4
887 189 3117 81 3 110 2
584 140 1325 102 6 85 7
841 16 3955 50 13 94 6
692 59 1630 53 13 82 8
732 59 3363 70 3 113 2
549 69 1866 81 4 70 4
937 41 1277 124 5 121 5
943 22 3017 80 3 95 2
562 52 2463 65 3 125 2
715 97 1230 56 6 71 5
908 44 1921 51 11 61 9
688 67 1510 102 4 81 5
106 6 53 12
