200
822 146 2011 63 4 107 2
512 12 2071 119 2 101 2
549 104 1509 56 8 64 7
565 26 1430 88 3 77 4
934 230 1861 78 5 69 6
529 92 1711 115 4 104 4
893 75 1640 120 5 89 7
689 154 2375 70 9 123 5
725 121 770 80 6 88 5
722 59 1023 51 13 58 12
858 26 2172 71 7 90 6
822 54 3503 91 3 103 3
926 168 2436 118 4 66 7
712 99 3423 73 9 70 9
763 102 2472 101 5 95 6
747 156 2209 71 4 66 4
680 26 2483 113 6 63 10
730 54 3624 111 4 106 5
728 165 3484 56 7 65 6
809 25 3655 73 5 64 6
529 82 2374 123 4 68 8
926 165 3754 101 4 114 4
670 152 2324 79 6 82 6
507 78 1538 120 3 116 3
945 63 3693 94 3 85 3
665 29 1606 83 7 107 5
587 134 788 90 7 86 7
727 60 1780 112 4 80 5
934 130 2830 107 3 118 3
854 164 908 125 5 106 6
629 91 1743 64 10 60 11
907 92 2402 88 2 58 4
637 159 1607 115 6 79 8
651 140 1938 90 3 120 2
610 133 1041 73 3 65 4
640 20 1976 121 4 83 7
839 123 2460 58 5 123 2
689 46 2665 94 4 69 6
678 169 1273 94 4 88 4
685 99 1930 125 2 108 2
957 40 3143 58 9 53 9
564 86 2478 93 7 125 5
803 116 1030 67 9 114 5
906 205 3133 109 3 60 6
519 68 712 103 5 100 6
770 69 3504 62 5 91 3
751 54 1636 94 6 100 5
775 32 2706 56 7 93 4
983 185 2139 68 8 52 10
952 71 2665 66 6 75 5
647 91 3117 76 6 67 7
974 54 4262 122 2 62 5
733 72 1531 50 12 79 7
857 109 3257 78 5 104 4
665 100 1841 52 4 104 2
573 117 838 103 2 89 3
911 207 967 111 2 79 3
570 119 2562 81 7 72 8
521 79 1502 61 11 77 9
524 87 1988 62 9 102 5
928 155 4630 58 12 60 12
888 172 4035 97 4 51 8
967 35 1516 64 10 96 7
789 122 2805 97 4 94 4
643 34 924 73 5 55 7
859 90 1176 64 11 121 5
529 40 1100 52 7 70 5
817 155 2168 56 9 59 9
857 157 3719 51 7 104 3
659 143 1558 93 4 85 5
518 22 2193 88 7 124 4
846 46 3996 104 4 85 5
733 30 1927 56 8 96 4
719 70 1712 107 5 90 6
982 220 1075 100 5 110 5
724 163 2448 115 3 93 3
956 182 1378 122 6 53 13
567 97 1040 97 6 107 6
850 79 1171 97 4 118 3
548 74 1623 90 3 118 2
626 44 2401 96 6 56 10
860 166 2803 71 10 59 12
522 121 1177 56 4 76 3
606 121 2492 57 9 82 6
680 103 2270 84 5 85 5
551 26 648 72 8 86 7
582 76 1017 107 4 122 3
975 137 3815 112 2 123 2
841 160 4055 107 6 89 7
700 129 2916 111 4 103 4
577 79 615 64 4 71 3
679 81 1005 57 6 71 5
573 29 1564 112 2 68 4
757 125 2595 121 4 101 5
599 75 2031 72 7 70 8
566 141 1058 50 6 53 6
622 76 884 81 8 67 9
741 27 3579 62 5 94 3
821 100 2331 124 4 96 5
537 61 1086 113 5 111 5
879 147 1933 104 3 55 6
781 126 3902 76 7 95 6
994 20 2918 57 4 106 2
998 51 1474 101 5 51 10
744 64 1989 64 5 80 4
897 190 3124 120 3 99 4
758 96 3741 72 7 62 8
724 87 3599 78 8 114 5
600 67 2815 73 4 89 3
759 135 3667 119 2 122 2
787 190 1272 106 4 77 5
794 124 1557 56 10 121 4
555 65 1485 77 4 64 5
528 17 861 104 6 124 5
885 184 3129 74 9 68 10
671 156 1484 61 6 79 5
871 48 2642 108 3 59 6
876 201 3237 54 8 79 5
638 122 2033 121 4 56 10
587 125 2598 61 5 99 3
672 110 2533 73 9 99 7
706 130 1188 60 5 88 3
627 152 1231 51 6 54 6
621 107 817 66 6 109 3
931 113 4365 80 6 57 9
992 31 1463 97 4 119 3
810 133 2475 78 4 66 5
796 154 3039 55 10 93 6
575 47 850 118 2 79 3
515 121 1395 75 7 83 7
668 115 2307 114 4 125 4
704 107 831 107 3 117 2
577 63 1443 75 8 58 10
999 68 3660 120 5 69 9
820 92 2562 73 4 108 2
737 44 2891 97 4 97 4
716 108 3095 53 9 119 4
693 22 1878 85 7 113 5
961 34 2511 76 7 57 9
988 162 2589 88 3 58 5
696 46 3088 106 5 59 10
907 188 2111 91 7 90 7
775 190 3066 102 5 60 8
787 35 2901 101 3 67 5
570 38 841 99 5 85 6
924 65 4537 55 6 95 3
990 53 2358 105 7 125 5
965 177 4101 87 5 104 4
903 154 1453 105 3 56 6
993 204 2110 121 3 115 3
535 67 2587 83 7 81 7
868 179 2326 69 6 50 8
769 96 2105 55 9 122 4
737 16 1432 90 4 105 3
786 106 2574 81 5 86 4
856 127 2906 117 4 125 4
635 75 1065 90 4 111 3
783 63 1122 76 4 85 3
551 35 1640 97 4 109 3
510 100 882 82 7 54 10
730 22 2454 52 13 72 9
736 24 909 61 7 85 5
834 82 1424 86 5 125 4
828 203 2823 75 8 125 5
820 196 1748 54 7 86 4
594 89 2046 116 4 86 6
513 37 1407 67 5 103 3
897 193 2634 87 4 115 3
527 127 1092 65 10 63 10
630 40 1928 95 3 86 3
904 135 3215 58 10 72 8
903 44 1472 112 6 72 9
501 96 2500 66 6 86 4
731 155 2213 72 8 75 7
1000 245 2221 50 6 60 5
855 68 1285 90 4 68 5
890 170 3078 105 4 83 6
595 49 595 74 8 123 5
966 222 1481 122 4 83 6
984 173 3925 70 3 120 2
532 127 2160 119 5 86 8
863 38 4262 119 5 80 7
512 118 658 63 4 98 2
982 101 2402 57 12 78 9
746 36 3462 67 5 100 3
562 39 1351 53 9 101 5
920 83 3603 80 8 70 9
637 155 1492 109 2 63 4
571 72 1325 84 7 53 11
581 65 2377 70 4 54 6
818 25 3783 74 9 117 5
860 160 1269 116 3 117 3
967 119 3763 90 4 67 6
532 86 1639 99 3 54 5
913 30 4546 104 5 79 6
798 84 1692 113 3 69 5
897 120 1699 50 11 91 6
988 89 3896 56 7 58 7
619 142 2404 54 9 101 5
850 43 4094 81 8 60 11
67 7 71 7
